0.000000 0.000105
1.000000 0.001315
2.000000 -0.002114
3.000000 -0.003648
4.000000 -0.005997
5.000000 -0.008208
6.000000 -0.012357
7.000000 -0.013809
8.000000 -0.017438
9.000000 -0.020034
10.000000 -0.023065
11.000000 -0.025544
12.000000 -0.029391
13.000000 -0.029462
14.000000 -0.030696
15.000000 -0.031374
16.000000 -0.033221
17.000000 -0.032984
18.000000 -0.035958
19.000000 -0.038350
20.000000 -0.039494
21.000000 -0.037406
22.000000 -0.037205
23.000000 -0.038031
24.000000 -0.037396
25.000000 -0.037321
26.000000 -0.035267
27.000000 -0.034231
28.000000 -0.035026
29.000000 -0.034637
30.000000 -0.035024
31.000000 -0.034672
32.000000 -0.032618
33.000000 -0.033087
34.000000 -0.032324
35.000000 -0.031254
36.000000 -0.032554
37.000000 -0.032049
38.000000 -0.032529
39.000000 -0.032552
40.000000 -0.031780
41.000000 -0.031261
42.000000 -0.031630
43.000000 -0.029252
44.000000 -0.030459
45.000000 -0.029719
46.000000 -0.029164
47.000000 -0.028846
48.000000 -0.026783
49.000000 -0.029018
50.000000 -0.029433
51.000000 -0.028940
52.000000 -0.030723
53.000000 -0.029691
54.000000 -0.030475
55.000000 -0.031049
56.000000 -0.033080
57.000000 -0.029579
58.000000 -0.028129
59.000000 -0.026900
60.000000 -0.028552
61.000000 -0.028117
62.000000 -0.028424
63.000000 -0.029998
64.000000 -0.030824
65.000000 -0.030255
66.000000 -0.027680
67.000000 -0.030388
68.000000 -0.031584
69.000000 -0.032522
70.000000 -0.032817
71.000000 -0.034223
72.000000 -0.035207
73.000000 -0.035533
74.000000 -0.039164
75.000000 -0.042291
76.000000 -0.043198
77.000000 -0.044109
78.000000 -0.045468
79.000000 -0.046319
80.000000 -0.048556
81.000000 -0.048548
82.000000 -0.049042
83.000000 -0.051127
84.000000 -0.051541
85.000000 -0.052263
86.000000 -0.051412
87.000000 -0.051929
88.000000 -0.052140
89.000000 -0.053369
90.000000 -0.051941
91.000000 -0.051612
92.000000 -0.050566
93.000000 -0.049638
94.000000 -0.048789
95.000000 -0.048239
96.000000 -0.047711
97.000000 -0.046775
98.000000 -0.047344
99.000000 -0.047101
100.000000 -0.047841
101.000000 -0.047573
102.000000 -0.046577
103.000000 -0.046297
104.000000 -0.046574
105.000000 -0.046543
106.000000 -0.044536
107.000000 -0.045233
108.000000 -0.045340
109.000000 -0.046178
110.000000 -0.044948
111.000000 -0.046296
112.000000 -0.046850
113.000000 -0.047351
114.000000 -0.046772
115.000000 -0.045334
116.000000 -0.048643
117.000000 -0.049461
118.000000 -0.049855
119.000000 -0.052198
120.000000 -0.045658
121.000000 -0.037053
122.000000 -0.040742
123.000000 -0.042386
124.000000 -0.043758
125.000000 -0.042267
126.000000 -0.041416
127.000000 -0.040829
128.000000 -0.041065
129.000000 -0.042733
130.000000 -0.040409
131.000000 -0.037439
132.000000 -0.036218
133.000000 -0.038122
134.000000 -0.040165
135.000000 -0.038216
136.000000 -0.035531
137.000000 -0.034669
138.000000 -0.037902
139.000000 -0.037362
140.000000 -0.037925
141.000000 -0.037888
142.000000 -0.036755
143.000000 -0.037762
144.000000 -0.037576
145.000000 -0.039798
146.000000 -0.040372
147.000000 -0.041928
148.000000 -0.042410
149.000000 -0.042766
150.000000 -0.041980
151.000000 -0.042704
152.000000 -0.045731
153.000000 -0.046746
154.000000 -0.049073
155.000000 -0.049072
156.000000 -0.049834
157.000000 -0.050618
158.000000 -0.050695
159.000000 -0.049440
160.000000 -0.047872
161.000000 -0.047391
162.000000 -0.047387
163.000000 -0.045813
164.000000 -0.046905
165.000000 -0.046897
166.000000 -0.047108
167.000000 -0.047442
168.000000 -0.048807
169.000000 -0.050185
170.000000 -0.051344
171.000000 -0.052839
172.000000 -0.054434
173.000000 -0.056480
174.000000 -0.058099
175.000000 -0.058986
176.000000 -0.060020
177.000000 -0.061406
178.000000 -0.061246
179.000000 -0.062866
180.000000 -0.064471
181.000000 -0.067466
182.000000 -0.067491
183.000000 -0.066241
184.000000 -0.066583
185.000000 -0.064368
186.000000 -0.066615
187.000000 -0.066721
188.000000 -0.067379
189.000000 -0.067024
190.000000 -0.066801
191.000000 -0.067629
192.000000 -0.068296
193.000000 -0.068665
194.000000 -0.069200
195.000000 -0.068336
196.000000 -0.066926
197.000000 -0.066967
198.000000 -0.067408
199.000000 -0.069321
200.000000 -0.071188
201.000000 -0.072692
202.000000 -0.075254
203.000000 -0.078578
204.000000 -0.079691
205.000000 -0.079808
206.000000 -0.081601
207.000000 -0.082222
208.000000 -0.085033
209.000000 -0.086079
210.000000 -0.089362
211.000000 -0.091620
212.000000 -0.092797
213.000000 -0.093384
214.000000 -0.094322
215.000000 -0.097320
216.000000 -0.098826
217.000000 -0.101194
218.000000 -0.100493
219.000000 -0.099816
220.000000 -0.101038
221.000000 -0.100865
222.000000 -0.101029
223.000000 -0.102029
224.000000 -0.104640
225.000000 -0.105751
226.000000 -0.107095
227.000000 -0.107851
228.000000 -0.108494
229.000000 -0.112469
230.000000 -0.117358
231.000000 -0.119426
232.000000 -0.121500
233.000000 -0.124734
234.000000 -0.126595
235.000000 -0.131535
236.000000 -0.132817
237.000000 -0.137012
238.000000 -0.139757
239.000000 -0.141402
240.000000 -0.142333
241.000000 0.000000
0.000000 -0.002980
1.000000 -0.005931
2.000000 -0.008406
3.000000 -0.010649
4.000000 -0.014107
5.000000 -0.015415
6.000000 -0.019084
7.000000 -0.022231
8.000000 -0.024357
9.000000 -0.025525
10.000000 -0.024549
11.000000 -0.026492
12.000000 -0.029565
13.000000 -0.030689
14.000000 -0.031570
15.000000 -0.032507
16.000000 -0.033673
17.000000 -0.035451
18.000000 -0.036799
19.000000 -0.038609
20.000000 -0.038664
21.000000 -0.038379
22.000000 -0.036959
23.000000 -0.036934
24.000000 -0.038285
25.000000 -0.039269
26.000000 -0.037509
27.000000 -0.037698
28.000000 -0.036545
29.000000 -0.036305
30.000000 -0.035693
31.000000 -0.035037
32.000000 -0.034610
33.000000 -0.035200
34.000000 -0.033887
35.000000 -0.033988
36.000000 -0.034947
37.000000 -0.036313
38.000000 -0.037299
39.000000 -0.036299
40.000000 -0.037186
41.000000 -0.036781
42.000000 -0.033635
43.000000 -0.030075
44.000000 -0.028727
45.000000 -0.028298
46.000000 -0.027186
47.000000 -0.027864
48.000000 -0.027939
49.000000 -0.030006
50.000000 -0.030637
51.000000 -0.031920
52.000000 -0.032924
53.000000 -0.034628
54.000000 -0.036933
55.000000 -0.038970
56.000000 -0.041537
57.000000 -0.041811
58.000000 -0.040993
59.000000 -0.043791
60.000000 -0.046369
61.000000 -0.047132
62.000000 -0.047897
63.000000 -0.048800
64.000000 -0.052058
65.000000 -0.053538
66.000000 -0.052685
67.000000 -0.051385
68.000000 -0.052650
69.000000 -0.055191
70.000000 -0.056293
71.000000 -0.055883
72.000000 -0.057634
73.000000 -0.059700
74.000000 -0.062791
75.000000 -0.063788
76.000000 -0.065455
77.000000 -0.066921
78.000000 -0.069257
79.000000 -0.070339
80.000000 -0.069770
81.000000 -0.069815
82.000000 -0.072424
83.000000 -0.071874
84.000000 -0.071921
85.000000 -0.072055
86.000000 -0.071592
87.000000 -0.069574
88.000000 -0.070612
89.000000 -0.069939
90.000000 -0.068336
91.000000 -0.066252
92.000000 -0.064055
93.000000 -0.061946
94.000000 -0.061643
95.000000 -0.062395
96.000000 -0.061100
97.000000 -0.061323
98.000000 -0.061882
99.000000 -0.061429
100.000000 -0.062031
101.000000 -0.062086
102.000000 -0.063511
103.000000 -0.065029
104.000000 -0.065222
105.000000 -0.063882
106.000000 -0.064124
107.000000 -0.064127
108.000000 -0.064071
109.000000 -0.065338
110.000000 -0.065898
111.000000 -0.067795
112.000000 -0.068046
113.000000 -0.069650
114.000000 -0.070831
115.000000 -0.072527
116.000000 -0.074367
117.000000 -0.074247
118.000000 -0.076170
119.000000 -0.078327
120.000000 -0.087344
121.000000 -0.095587
122.000000 -0.095083
123.000000 -0.095754
124.000000 -0.098287
125.000000 -0.097672
126.000000 -0.097183
127.000000 -0.095508
128.000000 -0.096165
129.000000 -0.097555
130.000000 -0.095287
131.000000 -0.093713
132.000000 -0.092469
133.000000 -0.094706
134.000000 -0.095775
135.000000 -0.096012
136.000000 -0.095065
137.000000 -0.095978
138.000000 -0.097579
139.000000 -0.099464
140.000000 -0.098800
141.000000 -0.098614
142.000000 -0.098413
143.000000 -0.101213
144.000000 -0.102420
145.000000 -0.103251
146.000000 -0.105935
147.000000 -0.109266
148.000000 -0.112493
149.000000 -0.113585
150.000000 -0.112598
151.000000 -0.115223
152.000000 -0.116342
153.000000 -0.119410
154.000000 -0.121981
155.000000 -0.122931
156.000000 -0.123802
157.000000 -0.123607
158.000000 -0.124991
159.000000 -0.124083
160.000000 -0.124661
161.000000 -0.124322
162.000000 -0.125008
163.000000 -0.125271
164.000000 -0.126340
165.000000 -0.126425
166.000000 -0.125367
167.000000 -0.124659
168.000000 -0.125322
169.000000 -0.126513
170.000000 -0.126735
171.000000 -0.128992
172.000000 -0.128899
173.000000 -0.130474
174.000000 -0.132497
175.000000 -0.134288
176.000000 -0.137461
177.000000 -0.138288
178.000000 -0.137751
179.000000 -0.137732
180.000000 -0.140268
181.000000 -0.141833
182.000000 -0.142713
183.000000 -0.148498
184.000000 -0.149513
185.000000 -0.148699
186.000000 -0.149435
187.000000 -0.150939
188.000000 -0.151695
189.000000 -0.151111
190.000000 -0.153311
191.000000 -0.153275
192.000000 -0.153888
193.000000 -0.153893
194.000000 -0.156241
195.000000 -0.156002
196.000000 -0.157297
197.000000 -0.157181
198.000000 -0.158864
199.000000 -0.159977
200.000000 -0.159267
201.000000 -0.162240
202.000000 -0.164055
203.000000 -0.164657
204.000000 -0.167149
205.000000 -0.168867
206.000000 -0.171544
207.000000 -0.172328
208.000000 -0.174388
209.000000 -0.177198
210.000000 -0.179123
211.000000 -0.179028
212.000000 -0.179571
213.000000 -0.179304
214.000000 -0.180137
215.000000 -0.181288
216.000000 -0.184241
217.000000 -0.186219
218.000000 -0.187458
219.000000 -0.190367
220.000000 -0.192482
221.000000 -0.193484
222.000000 -0.194176
223.000000 -0.194738
224.000000 -0.195535
225.000000 -0.197345
226.000000 -0.200736
227.000000 -0.204622
228.000000 -0.207299
229.000000 -0.210868
230.000000 -0.215005
231.000000 -0.220871
232.000000 -0.226561
233.000000 -0.230596
234.000000 -0.234759
235.000000 -0.236517
236.000000 -0.238857
237.000000 -0.242629
238.000000 -0.245754
239.000000 -0.248838
240.000000 -0.250314
241.000000 0.000000
0.000000 -0.002374
1.000000 -0.001064
2.000000 -0.005135
3.000000 -0.007291
4.000000 -0.008475
5.000000 -0.019978
6.000000 -0.022185
7.000000 -0.024859
8.000000 -0.028847
9.000000 -0.033066
10.000000 -0.030586
11.000000 -0.032107
12.000000 -0.038318
13.000000 -0.043443
14.000000 -0.044351
15.000000 -0.046517
16.000000 -0.046650
17.000000 -0.050152
18.000000 -0.055965
19.000000 -0.057988
20.000000 -0.058724
21.000000 -0.057530
22.000000 -0.052142
23.000000 -0.054286
24.000000 -0.054286
25.000000 -0.055146
26.000000 -0.051783
27.000000 -0.049163
28.000000 -0.052681
29.000000 -0.053938
30.000000 -0.052344
31.000000 -0.048963
32.000000 -0.049219
33.000000 -0.047690
34.000000 -0.045063
35.000000 -0.044209
36.000000 -0.042973
37.000000 -0.042778
38.000000 -0.042963
39.000000 -0.039095
40.000000 -0.035384
41.000000 -0.034404
42.000000 -0.035045
43.000000 -0.036957
44.000000 -0.038646
45.000000 -0.041158
46.000000 -0.043633
47.000000 -0.040912
48.000000 -0.042933
49.000000 -0.045615
50.000000 -0.045463
51.000000 -0.046780
52.000000 -0.050254
53.000000 -0.055432
54.000000 -0.059888
55.000000 -0.065227
56.000000 -0.067885
57.000000 -0.074514
58.000000 -0.076282
59.000000 -0.077309
60.000000 -0.076505
61.000000 -0.079608
62.000000 -0.079650
63.000000 -0.080455
64.000000 -0.083745
65.000000 -0.086314
66.000000 -0.081238
67.000000 -0.081162
68.000000 -0.079704
69.000000 -0.082755
70.000000 -0.085676
71.000000 -0.087119
72.000000 -0.090915
73.000000 -0.095897
74.000000 -0.101726
75.000000 -0.104622
76.000000 -0.104672
77.000000 -0.105327
78.000000 -0.109588
79.000000 -0.111448
80.000000 -0.113927
81.000000 -0.116304
82.000000 -0.116449
83.000000 -0.116142
84.000000 -0.113084
85.000000 -0.113837
86.000000 -0.114740
87.000000 -0.111844
88.000000 -0.110328
89.000000 -0.112303
90.000000 -0.117421
91.000000 -0.123284
92.000000 -0.119596
93.000000 -0.120001
94.000000 -0.118599
95.000000 -0.117344
96.000000 -0.117644
97.000000 -0.111310
98.000000 -0.109928
99.000000 -0.111074
100.000000 -0.113381
101.000000 -0.111808
102.000000 -0.115084
103.000000 -0.115722
104.000000 -0.116348
105.000000 -0.116963
106.000000 -0.118091
107.000000 -0.117862
108.000000 -0.118815
109.000000 -0.119760
110.000000 -0.121119
111.000000 -0.124849
112.000000 -0.127126
113.000000 -0.127429
114.000000 -0.128013
115.000000 -0.130639
116.000000 -0.131532
117.000000 -0.131598
118.000000 -0.133184
119.000000 -0.137135
120.000000 -0.150352
121.000000 -0.161834
122.000000 -0.162328
123.000000 -0.162016
124.000000 -0.165305
125.000000 -0.165774
126.000000 -0.163297
127.000000 -0.165595
128.000000 -0.170832
129.000000 -0.174840
130.000000 -0.172234
131.000000 -0.169119
132.000000 -0.166123
133.000000 -0.170779
134.000000 -0.170320
135.000000 -0.165190
136.000000 -0.161512
137.000000 -0.159605
138.000000 -0.162859
139.000000 -0.164163
140.000000 -0.167825
141.000000 -0.164598
142.000000 -0.163925
143.000000 -0.165006
144.000000 -0.165603
145.000000 -0.168440
146.000000 -0.172102
147.000000 -0.178037
148.000000 -0.180790
149.000000 -0.174616
150.000000 -0.178080
151.000000 -0.181382
152.000000 -0.183761
153.000000 -0.181764
154.000000 -0.182070
155.000000 -0.182452
156.000000 -0.181185
157.000000 -0.181803
158.000000 -0.183353
159.000000 -0.181364
160.000000 -0.181808
161.000000 -0.181690
162.000000 -0.181160
163.000000 -0.182493
164.000000 -0.186162
165.000000 -0.189422
166.000000 -0.190682
167.000000 -0.193940
168.000000 -0.195174
169.000000 -0.200586
170.000000 -0.204942
171.000000 -0.207346
172.000000 -0.208950
173.000000 -0.210162
174.000000 -0.214475
175.000000 -0.216424
176.000000 -0.217181
177.000000 -0.218334
178.000000 -0.217595
179.000000 -0.218900
180.000000 -0.219909
181.000000 -0.223208
182.000000 -0.217230
183.000000 -0.215220
184.000000 -0.215731
185.000000 -0.202113
186.000000 -0.197894
187.000000 -0.202547
188.000000 -0.205199
189.000000 -0.200942
190.000000 -0.200965
191.000000 -0.202350
192.000000 -0.207012
193.000000 -0.208357
194.000000 -0.208705
195.000000 -0.212021
196.000000 -0.209241
197.000000 -0.211698
198.000000 -0.214367
199.000000 -0.217350
200.000000 -0.218156
201.000000 -0.223216
202.000000 -0.229404
203.000000 -0.231719
204.000000 -0.233982
205.000000 -0.229639
206.000000 -0.235607
207.000000 -0.239478
208.000000 -0.237339
209.000000 -0.236698
210.000000 -0.238422
211.000000 -0.241645
212.000000 -0.247607
213.000000 -0.250619
214.000000 -0.256056
215.000000 -0.259278
216.000000 -0.262417
217.000000 -0.257716
218.000000 -0.254308
219.000000 -0.251842
220.000000 -0.252505
221.000000 -0.251614
222.000000 -0.252058
223.000000 -0.253022
224.000000 -0.252781
225.000000 -0.251160
226.000000 -0.247516
227.000000 -0.246871
228.000000 -0.251513
229.000000 -0.254598
230.000000 -0.261157
231.000000 -0.267229
232.000000 -0.273832
233.000000 -0.276761
234.000000 -0.279311
235.000000 -0.286292
236.000000 -0.291567
237.000000 -0.296302
238.000000 -0.298537
239.000000 -0.297646
240.000000 -0.297215
241.000000 0.000000
