-30 -0.00290463 0.00141309 0.00162962
-29 -0.00872254 -0.00433874 0.00147113
-28 -0.0105422 -0.0040106 0.00216939
-27 -0.0102657 -0.00669793 0.000230066
-26 -0.0076781 -0.00335941 0.00254813
-25 -0.00522211 -0.0056803 -0.0102166
-24 -0.00824921 -0.011378 -0.0142511
-23 -0.00970335 -0.0135719 -0.0175177
-22 -0.00943207 -0.0188086 -0.0204898
-21 -0.00917787 -0.0165882 -0.0185169
-20 -0.00513475 -0.0131479 -0.0166418
-19 -0.00585126 -0.0145113 -0.0202872
-18 -0.00230571 -0.0162956 -0.0183672
-17 -0.000649774 -0.0141564 -0.0168757
-16 -0.00376939 -0.0198599 -0.0198569
-15 -0.000737233 -0.0149582 -0.0195269
-14 -0.000949443 -0.0131524 -0.0171129
-13 -0.00433344 -0.0121728 -0.016615
-12 -0.00214103 -0.00860367 -0.0129563
-11 -0.00256129 -0.00810986 -0.0123071
-10 0.000361796 -0.00683531 -0.0112773
-9 -0.000701719 -0.0106165 -0.011918
-8 0.00219933 -0.00900915 -0.0109005
-7 0.00484274 -0.00577778 -0.0119404
-6 0.00157152 -0.00550111 -0.0122475
-5 0.00233605 -0.00462704 -0.0107353
-4 0.0014856 -0.00625434 -0.0148424
-3 0.000636687 -0.00422653 -0.0134657
-2 0.00300116 -0.0038366 -0.00941496
-1 0.00333326 -0.00300793 -0.00779976
0 0.0142448 0.000580712 -0.0126915
1 0.0266606 0.00476676 -0.0219163
2 0.0318667 0.00663059 -0.0198129
3 0.0299711 0.00512599 -0.0204834
4 0.0306827 0.00533069 -0.0196151
5 0.0315355 0.0047269 -0.0181808
6 0.0305041 0.00402144 -0.0176963
7 0.0301074 0.00476255 -0.0182097
8 0.0293358 0.00134219 -0.0187686
9 0.0297858 0.0026905 -0.0179804
10 0.0308162 0.00253276 -0.0184015
11 0.0324747 0.00306963 -0.0208811
12 0.0334107 0.00331148 -0.0212167
13 0.03462 0.00192577 -0.0236633
14 0.0353712 0.0045043 -0.0215409
15 0.0349001 0.00227182 -0.0184448
16 0.0354722 0.00354584 -0.0186496
17 0.0358444 0.00198178 -0.0177513
18 0.0357409 0.00324256 -0.0146145
19 0.0360832 0.00508196 -0.0134074
20 0.0347421 0.00460073 -0.0137931
21 0.0335133 0.0052118 -0.0132962
22 0.0331144 0.0029018 -0.0130661
23 0.0304792 0.00214202 -0.0157696
24 0.0302285 0.00293916 -0.0146187
25 0.0280398 0.00314576 -0.0135836
26 0.0257744 1.9507e-05 -0.0137535
27 0.0258044 -0.00175603 -0.0154688
28 0.0242775 -0.0022485 -0.0151804
29 0.0241707 -0.00178414 -0.0148072
30 0.0247574 -0.00195161 -0.0144573
